"year";"month";"week_of_year";"day_of_week";"traffic";"outdoor";"radio";"internet";"komunikacja";"event";"temp";"cisnienie"
2015;1;1;5;22099;855.29;0;634.18;0;0;4;1006.91
2015;1;1;6;20267;855.29;0;634.18;0;0;4;1003.92
2015;1;1;7;15491;855.29;0;634.18;0;0;2;1000.91
2015;1;2;1;22585;855.29;0;634.18;0;0;2;1008.25
2015;1;2;3;20757;855.29;699.18;634.18;0;0;0;1012.25
2015;1;2;4;20421;855.29;699.18;634.18;0;0;3;1009.59
2015;1;2;5;21669;855.29;699.18;634.18;0;0;5;999.25
2015;1;2;6;22494;855.29;699.18;634.18;0;0;10;987.92
2015;1;2;7;16391;855.29;699.18;634.18;0;0;10;992.25
2015;1;3;1;19357;855.29;699.18;4587;0;0;5;999.25
2015;1;3;2;22249;855.29;699.18;0;0;0;7;998.59
2015;1;3;3;22377;855.29;699.18;0;0;0;9;995.58
2015;1;3;4;22210;855.29;699.18;0;0;0;5;999.25
2015;1;3;5;23589;855.29;0;0;0;0;7;996.25
2015;1;3;6;21188;855.29;0;0;0;0;5;995.92
2015;1;3;7;15541;855.29;0;0;0;0;3;998.92
2015;1;4;1;21880;855.29;835.29;662.54;0;10000;2;996.92
2015;1;4;2;22251;855.29;835.29;662.54;0;10000;2;998.58
2015;1;4;3;22429;855.29;835.29;662.54;0;10000;4;998.92
2015;1;4;4;21641;855.29;835.29;662.54;0;10000;4;1001.91
2015;1;4;5;22104;855.29;835.29;662.54;0;10000;4;1022.92
2015;1;4;6;20261;855.29;835.29;662.54;0;14000;3;1021.92
2015;1;4;7;15278;855.29;0;0;0;0;2;1025.25
2015;1;5;1;19683;855.29;0;0;0;0;1;1028.25
2015;1;5;2;20475;855.29;0;0;0;0;2;1013.92
2015;1;5;3;22023;855.29;0;0;0;0;2;998.92
2015;1;5;4;21447;855.29;0;0;0;0;2;985.25
2015;1;5;5;22119;855.29;0;0;0;0;4;987.92
2015;1;5;6;21105;855.29;0;0;0;0;2;983.25
2015;2;5;7;15856;1016.43;0;476.7;0;0;3;971.92
2015;2;6;1;19490;1016.43;839.32;476.7;0;0;3;980.59
2015;2;6;2;19525;1016.43;839.32;476.7;0;0;3;985.92
2015;2;6;3;20460;1016.43;839.32;476.7;0;0;1;992.92
2015;2;6;4;21681;1016.43;839.32;476.7;0;0;1;1001.58
2015;2;6;5;22936;1016.43;1487.15;476.7;0;0;1;1011.92
2015;2;6;6;20013;1016.43;1487.15;476.7;0;0;2;1011.59
2015;2;6;7;15043;1016.43;1487.15;476.7;0;0;2;998.25
2015;2;7;1;18810;1016.43;1487.15;476.7;0;0;3;1002.92
2015;2;7;2;20919;1016.43;1487.15;476.7;0;0;4;1007.58
2015;2;7;3;22632;1016.43;1487.15;476.7;0;0;4;1012.59
2015;2;7;4;22556;1016.43;1487.15;476.7;0;0;4;1011.25
2015;2;7;5;24950;1016.43;1487.15;476.7;0;0;5;1008.91
2015;2;7;6;29396;1016.43;1487.15;476.7;0;4000;6;1003.25
2015;2;7;7;20880;0;1487.15;476.7;0;60000;7;1003.25
2015;2;8;1;20421;0;0;0;0;0;3;1010.92
2015;2;8;2;20386;0;0;0;0;0;5;1015.91
2015;2;8;3;20489;0;0;0;0;0;5;1022.92
2015;2;8;4;21065;0;0;0;0;0;8;1017.25
2015;2;8;5;22208;0;0;0;0;0;8;1006.91
2015;2;8;6;18904;0;0;0;0;0;6;992.59
2015;2;8;7;14736;0;0;0;0;0;6;991.25
2015;2;9;1;19882;0;0;0;0;0;9;991.92
2015;2;9;2;18890;0;0;0;0;0;8;988.92
2015;2;9;3;20302;0;0;0;0;0;8;1000.25
2015;2;9;4;19894;0;0;0;0;0;8;1005.25
2015;2;9;5;21651;0;0;0;0;0;10;999.91
2015;2;9;6;21441;0;0;0;0;0;7;1002.25
2015;3;9;7;15284;701.94;0;250;0;783.87;9;999.25
2015;3;10;1;19325;701.94;820.27;250;0;783.87;9;988.92
2015;3;10;2;18763;701.94;820.27;250;0;783.87;6;997.58
2015;3;10;3;19567;701.94;820.27;250;0;783.87;7;1003.59
2015;3;10;4;20459;701.94;820.27;250;0;783.87;6;1007.91
2015;3;10;5;20678;701.94;820.27;250;0;783.87;8;1018.92
2015;3;10;6;21179;701.94;820.27;250;0;783.87;11;1018.58
2015;3;10;7;17022;701.94;820.27;250;0;783.87;13;1015.25
2015;3;11;1;19373;701.94;820.27;250;0;783.87;13;1012.25
2015;3;11;2;20533;701.94;820.27;250;0;783.87;14;1011.25
2015;3;11;3;20966;701.94;0;250;0;783.87;10;1009.25
2015;3;11;4;19951;701.94;0;250;0;783.87;6;1012.25
2015;3;11;5;20956;701.94;0;250;0;783.87;6;1010.58
2015;3;11;6;20151;701.94;0;250;0;783.87;7;1008.59
2015;3;11;7;15486;701.94;0;250;0;783.87;11;1014.59
2015;3;12;1;19471;701.94;0;250;0;783.87;13;1018.58
2015;3;12;2;20551;701.94;0;250;0;783.87;15;1018.25
2015;3;12;3;20802;701.94;0;250;0;783.87;11;1015.59
2015;3;12;4;19878;701.94;0;250;0;783.87;10;1013.25
2015;3;12;5;21377;701.94;0;250;0;783.87;11;1010.59
2015;3;12;6;18562;701.94;0;0;0;783.87;13;1001.58
2015;3;12;7;14512;701.94;0;0;0;783.87;5;1005.92
2015;3;13;1;19373;701.94;0;0;0;783.87;9;1006.91
2015;3;13;2;19010;701.94;0;0;0;783.87;14;997.25
2015;3;13;3;20171;701.94;0;0;0;783.87;17;994.91
2015;3;13;4;19837;701.94;0;0;0;783.87;14;992.25
2015;3;13;5;21541;701.94;0;0;0;783.87;11;994.92
2015;3;13;6;20070;701.94;0;0;0;783.87;10;1002.58
2015;3;13;7;15151;701.94;0;0;0;783.87;11;994.92
2015;3;14;1;19482;701.94;0;0;0;783.87;9;979.25
2015;3;14;2;20259;701.94;0;0;0;783.87;8;982.92
2015;4;14;3;21504;461.33;0;0;0;500;7;983.59
2015;4;14;4;20797;461.33;0;0;0;500;5;990.59
2015;4;14;5;19655;461.33;0;0;0;500;6;998.58
2015;4;15;2;20786;461.33;820.27;0;0;500;10;1015.91
2015;4;15;3;21232;461.33;820.27;0;0;500;10;1012.25
2015;4;15;4;22615;461.33;820.27;0;0;500;13;1016.25
2015;4;15;5;25235;461.33;820.27;200;0;500;18;1010.25
2015;4;15;6;23972;461.33;820.27;200;0;500;20;1005.25
2015;4;15;7;18818;461.33;820.27;200;0;500;14;1010.58
2015;4;16;1;21433;461.33;820.27;200;0;500;12;1008.92
2015;4;16;2;21208;461.33;820.27;200;0;500;12;1011.25
2015;4;16;3;22756;461.33;820.27;200;0;500;19;1002.92
2015;4;16;4;22136;461.33;0;200;0;500;17;997.58
2015;4;16;5;22415;461.33;0;837.67;0;500;13;998.25
2015;4;16;6;21379;461.33;0;837.67;0;500;9;1004.25
2015;4;16;7;16046;461.33;0;837.67;0;500;13;1006.58
2015;4;17;1;21393;461.33;0;0;0;500;15;1005.58
2015;4;17;2;21740;461.33;0;0;0;500;18;1007.59
2015;4;17;3;22506;461.33;0;0;0;500;16;1007.92
2015;4;17;4;22302;461.33;0;0;0;500;18;1004.25
2015;4;17;5;23265;461.33;0;0;0;500;20;999.58
2015;4;17;6;18911;461.33;0;0;0;4500;22;997.58
2015;4;17;7;15167;461.33;0;0;0;500;18;994.25
2015;4;18;1;21055;461.33;0;0;0;500;24;990.25
2015;4;18;2;21203;461.33;0;0;0;500;12;989.25
2015;4;18;3;22962;461.33;0;0;0;500;13;1004.25
2015;4;18;4;24639;461.33;0;0;0;500;16;1002.92
2015;5;18;6;19004;1151.61;0;341.18;0;1010;16;994.59
2015;5;19;1;21006;1151.61;1106.94;341.18;0;1010;21;995.92
2015;5;19;2;20822;1151.61;1106.94;341.18;0;1010;26;995.59
2015;5;19;3;21768;1151.61;1106.94;341.18;0;1010;17;996.91
2015;5;19;4;22207;1151.61;1106.94;341.18;0;1010;19;1001.58
2015;5;19;5;23357;1151.61;1106.94;341.18;0;1010;19;1004.59
2015;5;19;6;20461;1151.61;2352.32;341.18;0;1010;21;1002.25
2015;5;19;7;16092;1151.61;2352.32;341.18;0;1010;16;1005.25
2015;5;19;1;20541;1151.61;1245.38;5778.18;0;1010;19;1013.25
2015;5;19;2;20529;1151.61;1245.38;1191.18;0;1010;24;1008.25
2015;5;19;3;20913;1151.61;1245.38;1191.18;0;1010;18;1002.25
2015;5;19;4;20722;1151.61;1245.38;1191.18;0;1010;17;995.58
2015;5;19;5;21795;1151.61;1245.38;341.18;0;1010;17;998.58
2015;5;19;6;18907;1151.61;1245.38;341.18;0;59040;20;1003.59
2015;5;19;7;13941;501.61;1245.38;341.18;0;1010;14;1005.92
2015;5;20;1;19300;501.61;0;0;0;1010;19;1002.91
2015;5;20;2;19514;501.61;0;0;0;1010;24;992.92
2015;5;20;3;19975;501.61;0;0;0;1010;13;995.92
2015;5;20;4;21039;501.61;0;0;0;1010;17;1002.91
2015;5;20;5;21966;501.61;0;0;0;1010;19;1008.59
2015;5;20;6;18714;501.61;0;0;0;1010;19;1004.25
2015;5;21;1;20441;501.61;0;0;0;1010;22;1000.25
2015;5;21;2;20374;501.61;0;0;0;1010;18;996.25
2015;5;21;3;20616;501.61;0;0;0;1010;15;1001.58
2015;5;21;4;20364;501.61;0;0;0;1010;17;1003.25
2015;5;21;5;21764;501.61;0;0;0;1010;21;998.92
2015;5;21;6;19687;501.61;0;0;0;1010;21;996.25
2015;5;21;7;14965;501.61;0;0;0;1010;20;1002.92
2015;6;22;1;22189;599;0;0;0;0;25;1001.25
2015;6;22;2;21065;599;0;0;0;0;26;1002.58
2015;6;22;3;22762;599;0;0;0;0;29;1003.92
2015;6;22;5;21970;599;0;0;0;0;25;1012.25
2015;6;22;6;15376;599;0;0;0;0;29;1007.92
2015;6;22;7;11387;599;0;0;0;0;25;1009.58
2015;6;23;1;19070;599;942.41;0;0;0;19;1009.92
2015;6;23;2;19681;599;942.41;0;0;0;14;1008.25
2015;6;23;3;20815;599;942.41;0;0;0;21;1010.58
2015;6;23;4;20886;599;942.41;0;0;0;24;1007.25
2015;6;23;5;21614;599;942.41;0;0;0;28;1001.25
2015;6;23;6;17692;599;942.41;0;0;0;30;995.92
2015;6;23;7;13675;599;942.41;0;0;0;27;994.91
2015;6;24;1;19860;599;0;0;0;0;19;996.92
2015;6;24;2;19827;599;0;0;0;0;19;1004.25
2015;6;24;3;20060;599;0;0;0;0;19;1006.59
2015;6;24;4;20952;599;0;0;0;0;19;1000.92
2015;6;24;5;21085;599;0;0;0;0;18;997.58
2015;6;24;6;17982;599;0;0;0;0;17;999.59
2015;6;24;7;13978;599;0;0;0;0;17;1000.92
2015;6;25;1;19348;599;0;0;0;0;21;998.25
2015;6;25;2;20628;599;0;0;0;0;17;993.25
2015;6;25;3;20930;599;0;0;0;0;17;1001.92
2015;6;25;4;21175;599;0;0;0;0;21;1008.59
2015;6;25;5;23230;599;0;0;0;0;24;1005.92
2015;6;25;6;17738;599;0;0;0;0;24;1001.25
2015;6;25;7;15524;599;0;0;0;0;18;1002.59
2015;6;26;1;21285;599;0;0;0;0;22;1006.25
2015;6;26;2;22007;599;0;0;0;0;26;1006.25
2015;7;26;3;22332;499.03;0;1868.29;0;0;26;1008.25
2015;7;26;4;22047;499.03;0;1868.29;0;0;27;1010.92
2015;7;26;5;21262;499.03;942.41;1868.29;0;0;29;1012.59
2015;7;26;6;14481;499.03;942.41;339.29;0;0;33;1009.58
2015;7;26;7;11959;499.03;942.41;339.29;0;0;36;1004.25
2015;7;27;1;19491;499.03;942.41;339.29;0;0;27;1001.25
2015;7;27;2;19843;499.03;942.41;339.29;0;0;31;1002.58
2015;7;27;3;21177;499.03;942.41;339.29;0;0;26;992.59
2015;7;27;4;22126;499.03;942.41;339.29;0;0;21;996.58
2015;7;27;5;21459;499.03;0;339.29;0;0;16;1004.58
2015;7;27;6;16277;499.03;0;339.29;0;0;22;1004.25
2015;7;27;7;12488;499.03;0;339.29;0;0;27;1000.58
2015;7;28;1;20246;499.03;0;339.29;0;0;20;999.25
2015;7;28;2;20693;499.03;0;339.29;0;0;21;998.91
2015;7;28;3;21960;499.03;0;0;0;0;22;1001.58
2015;7;28;4;20448;499.03;0;0;0;0;27;1003.58
2015;7;28;5;19142;499.03;0;0;0;0;31;1002.25
2015;7;28;6;13508;499.03;0;0;0;0;32;1000.92
2015;7;28;7;11333;499.03;0;0;0;0;27;999.25
2015;7;29;1;18832;499.03;0;0;0;0;25;999.92
2015;7;29;2;19271;499.03;0;0;0;0;30;999.58
2015;7;29;3;19616;499.03;0;0;0;0;33;999.92
2015;7;29;4;19808;499.03;0;0;0;0;24;997.59
2015;7;29;5;18743;499.03;0;0;0;0;28;1000.58
2015;7;29;6;14327;499.03;0;0;0;4000;31;992.92
2015;7;29;7;11541;499.03;0;0;0;0;19;996.91
2015;7;30;1;18668;499.03;0;0;0;0;22;993.25
2015;7;30;2;18698;499.03;0;0;0;0;22;990.92
2015;7;30;3;19800;499.03;0;0;0;0;22;993.91
2015;7;30;4;19835;499.03;0;0;0;0;22;996.58
2015;7;30;5;19592;499.03;0;0;0;0;21;1001.92
2015;8;30;6;14394;928.71;0;0;0;0;24;1004.59
2015;8;30;7;10711;928.71;0;0;0;0;30;1004.59
2015;8;31;1;19039;928.71;0;0;0;0;30;1004.92
2015;8;31;2;18745;928.71;0;0;0;0;32;1002.25
2015;8;31;3;19160;928.71;0;0;0;0;28;1001.92
2015;8;31;4;19330;928.71;0;0;0;0;33;1003.92
2015;8;31;5;19406;928.71;0;0;0;0;35;1003.92
2015;8;31;6;14338;928.71;0;0;0;0;36;1002.91
2015;8;31;7;12043;928.71;0;0;0;0;28;1002.91
2015;8;32;1;19278;928.71;0;0;0;0;32;1002.25
2015;8;32;2;19878;928.71;0;0;0;0;35;1001.25
2015;8;32;3;20832;928.71;0;0;0;0;35;1002.92
2015;8;32;4;20478;928.71;0;0;0;0;31;1004.59
2015;8;32;5;21030;928.71;0;0;0;0;32;1000.25
2015;8;32;7;13080;928.71;0;0;0;0;32;993.58
2015;8;33;1;19569;928.71;0;0;0;0;28;994.58
2015;8;33;2;20331;928.71;0;0;0;0;27;996.58
2015;8;33;3;21177;928.71;0;0;0;0;25;1001.92
2015;8;33;4;20400;928.71;0;0;0;0;24;1007.59
2015;8;33;5;20114;928.71;0;0;0;0;25;1010.58
2015;8;33;6;15470;928.71;0;0;0;0;24;1008.25
2015;8;33;7;11708;928.71;0;0;0;0;24;1003.25
2015;8;34;1;19321;928.71;0;0;0;0;27;998.25
2015;8;34;2;20326;928.71;0;0;0;0;22;998.58
2015;8;34;3;21039;928.71;0;0;0;4000;26;1005.25
2015;8;34;4;20402;928.71;0;0;0;0;30;1001.92
2015;8;34;5;20228;928.71;0;0;0;0;28;1000.58
2015;8;34;6;15091;928.71;0;0;0;0;26;1008.58
2015;8;34;7;11291;928.71;0;0;0;0;33;1006.92
2015;8;35;1;22028;928.71;0;0;0;0;35;1001.25
2015;9;35;2;21827;789;0;0;0;0;33;994.58
2015;9;35;3;20009;789;0;0;0;0;20;997.92
2015;9;35;4;19592;789;0;0;0;0;23;1000.92
2015;9;35;5;19571;789;0;0;0;0;21;998.58
2015;9;35;6;17455;789;0;0;0;0;20;997.25
2015;9;35;7;13687;789;0;0;0;0;14;996.92
2015;9;36;1;19278;789;0;436.15;0;0;16;1001.58
2015;9;36;2;19051;789;0;436.15;0;0;17;1006.25
2015;9;36;3;20088;789;0;436.15;0;0;17;1006.92
2015;9;36;4;19473;789;1426.41;436.15;0;0;18;1009.25
2015;9;36;5;20785;789;1426.41;436.15;0;0;19;1007.92
2015;9;36;6;17112;789;1426.41;436.15;0;0;22;1005.91
2015;9;36;7;11921;789;1426.41;436.15;0;0;24;1003.59
2015;9;37;1;18868;789;1426.41;436.15;0;0;26;994.92
2015;9;37;2;19133;789;1426.41;436.15;0;0;23;996.58
2015;9;37;3;19733;789;1426.41;436.15;0;0;26;992.59
2015;9;37;4;19719;789;1426.41;436.15;0;0;30;988.59
2015;9;37;5;19934;789;1426.41;436.15;0;0;20;998.25
2015;9;37;6;16347;789;1426.41;436.15;0;0;23;1005.25
2015;9;37;7;13690;789;1426.41;0;0;1;18;1003.58
2015;9;38;1;18048;789;0;0;0;0;17;1002.58
2015;9;38;2;19418;789;0;0;0;0;20;997.25
2015;9;38;3;19447;789;0;0;0;0;21;993.25
2015;9;38;4;19757;789;0;0;0;0;20;1002.25
2015;9;38;5;20425;789;0;0;0;4000;20;1004.25
2015;9;38;6;18544;789;0;0;0;0;18;1006.92
2015;9;38;7;14149;789;0;0;0;0;16;1011.92
2015;9;39;1;19845;789;0;0;0;0;17;1017.58
2015;9;39;2;20874;789;0;0;0;0;17;1019.92
2015;9;39;3;23326;789;0;0;0;0;14;1020.59
2015;10;39;4;21522;740.32;0;0;0;483.87;16;1018.92
2015;10;39;5;21664;740.32;0;0;0;483.87;19;1013.58
2015;10;39;6;18505;740.32;0;0;0;483.87;21;1006.25
2015;10;39;7;14729;740.32;0;0;0;483.87;22;1001.25
2015;10;40;1;19715;740.32;1193.17;0;0;483.87;20;1001.58
2015;10;40;2;19723;740.32;1193.17;0;0;483.87;20;999.25
2015;10;40;3;20978;740.32;1193.17;0;0;483.87;17;999.25
2015;10;40;4;21300;740.32;1193.17;0;0;483.87;14;1002.92
2015;10;40;5;24017;740.32;1193.17;0;0;483.87;13;1006.92
2015;10;40;6;23324;740.32;1193.17;0;0;483.87;11;1008.92
2015;10;40;7;18919;740.32;0;0;0;483.87;9;1006.25
2015;10;41;1;21893;740.32;0;0;0;483.87;6;1006.92
2015;10;41;2;22429;740.32;0;0;0;483.87;9;1005.25
2015;10;41;3;24103;740.32;0;0;0;483.87;7;1003.92
2015;10;41;4;22793;740.32;0;0;0;483.87;9;1002.25
2015;10;41;5;22106;740.32;0;0;0;483.87;16;999.92
2015;10;41;6;21292;740.32;0;0;0;483.87;12;1002.25
2015;10;41;7;16870;740.32;0;0;0;483.87;12;1003.92
2015;10;42;1;20266;740.32;0;0;0;483.87;12;1004.25
2015;10;42;2;20833;740.32;0;0;0;483.87;9;1004.25
2015;10;42;3;21168;740.32;0;0;0;483.87;10;1002.58
2015;10;42;4;20993;740.32;0;0;0;483.87;12;1001.58
2015;10;42;5;22119;740.32;0;0;0;483.87;12;1003.25
2015;10;42;6;19296;740.32;0;0;0;4483.87;14;1008.25
2015;10;42;7;14872;740.32;0;0;0;483.87;13;1005.59
2015;10;43;1;19486;740.32;0;0;0;483.87;13;1011.25
2015;10;43;2;20002;740.32;0;0;0;483.87;13;1009.25
2015;10;43;3;20595;740.32;0;0;0;483.87;14;1004.58
2015;10;43;4;21400;740.32;0;0;0;483.87;14;1002.58
2015;10;43;5;22098;740.32;0;0;0;483.87;12;1011.92
2015;10;43;6;16270;740.32;0;0;0;483.87;14;1018.92
2015;11;44;1;18283;805;0;0;0;0;14;1016.58
2015;11;44;2;19558;805;0;0;0;0;14;1011.25
2015;11;44;3;21169;805;0;0;0;0;12;1006.58
2015;11;44;4;22166;805;0;0;0;0;15;1008.59
2015;11;44;5;24432;805;0;0;0;0;13;1008.59
2015;11;44;6;23255;805;0;0;0;0;13;1008.59
2015;11;44;7;17708;805;0;0;0;0;15;1009.92
2015;11;45;1;21368;805;0;433.33;0;0;15;1006.92
2015;11;45;2;24559;805;0;433.33;0;0;16;1002.91
2015;11;45;4;22566;805;1068.19;433.33;0;0;13;1008.58
2015;11;45;5;23770;805;1068.19;433.33;0;0;13;1010.25
2015;11;45;6;22838;805;1068.19;433.33;0;0;9;1005.91
2015;11;45;7;16129;805;1068.19;433.33;0;0;9;997.58
2015;11;46;1;20487;805;1068.19;433.33;0;0;10;996.25
2015;11;46;2;21212;805;1068.19;433.33;0;0;11;998.25
2015;11;46;3;21786;805;1068.19;433.33;0;0;13;993.25
2015;11;46;4;21588;805;0;433.33;0;0;13;997.25
2015;11;46;5;24499;805;0;433.33;0;0;9;990.59
2015;11;46;6;21891;805;0;0;0;4000;6;981.92
2015;11;46;7;16848;805;0;0;0;0;5;984.25
2015;11;47;1;20553;805;0;0;0;0;4;999.58
2015;11;47;2;21569;805;0;0;0;0;3;1009.25
2015;11;47;3;22384;805;0;0;0;0;3;998.25
2015;11;47;4;21306;805;0;0;0;0;4;995.59
2015;11;47;5;23347;805;0;0;0;0;4;1004.59
2015;11;47;6;20217;805;0;0;0;0;4;997.25
2015;11;47;7;15005;805;0;0;0;0;6;998.58
2015;11;48;1;21848;805;0;0;0;0;7;995.59
2015;12;48;2;21204;721.29;0;0;0;1888.89;8;997.59
2015;12;48;3;20537;721.29;0;0;0;1888.89;9;1009.58
2015;12;48;4;22815;721.29;0;0;0;1888.89;8;1014.25
2015;12;48;5;25798;721.29;0;0;0;1888.89;9;1012.92
2015;12;48;6;24860;721.29;0;0;0;1888.89;8;1015.92
2015;12;48;7;20927;721.29;0;0;0;1888.89;10;1011.25
2015;12;49;1;20813;721.29;817;399.96;0;1888.89;10;1015.58
2015;12;49;2;21567;721.29;552.5;399.96;0;1888.89;10;1019.58
2015;12;49;3;21648;721.29;817;399.96;0;1888.89;6;1016.25
2015;12;49;4;23491;721.29;552.5;399.96;0;1888.89;7;1020.25
2015;12;49;5;23952;721.29;1369.5;399.96;0;1888.89;6;1012.25
2015;12;49;6;26001;721.29;1369.5;399.96;0;1888.89;7;1005.58
2015;12;49;7;16685;721.29;1369.5;399.96;0;1888.89;9;1001.25
2015;12;50;1;22278;721.29;441.98;399.96;0;1888.89;4;1010.59
2015;12;50;2;21795;721.29;441.98;399.96;0;1888.89;6;1010.25
2015;12;50;3;22368;721.29;441.98;399.96;0;1888.89;6;1014.25
2015;12;50;4;24489;721.29;441.98;399.96;0;1888.89;8;1011.58
2015;12;50;5;27560;721.29;441.98;399.96;0;1888.89;11;1006.91
2015;12;50;6;27586;721.29;441.98;399.96;0;4000;10;1009.25
2015;12;50;7;23791;721.29;0;0;0;10000;9;1009.91
2015;12;51;1;28372;721.29;0;0;0;0;8;1008.59
2015;12;51;2;28160;721.29;0;0;0;0;11;1009.25
2015;12;51;3;26401;721.29;0;0;0;0;12;1008.92
2015;12;51;7;15237;721.29;0;0;0;0;11;1011.59
2015;12;52;1;25645;721.29;0;0;0;0;10;1014.25
2015;12;52;2;25641;721.29;0;0;0;0;6;1018.58
2015;12;52;3;28312;721.29;0;0;0;0;1;1022.58
2015;12;52;4;17509;721.29;0;0;0;0;1;1016.92
2016;1;53;6;18409;640;0;0;0;0;-3;1010.58
2016;1;53;7;12523;640;0;0;0;0;-7;1009.25
2016;1;1;1;19276;640;0;0;0;0;-5;993.91
2016;1;1;2;21387;640;0;0;0;0;-4;985.92
2016;1;1;4;21681;640;0;0;0;0;0;989.92
2016;1;1;5;22495;640;0;0;0;0;3;988.92
2016;1;1;6;21470;640;0;0;0;0;2;992.59
2016;1;1;7;15188;640;0;0;0;0;3;988.92
2016;1;2;1;19670;640;0;576.92;0;0;3;981.25
2016;1;2;2;20370;640;0;576.92;0;0;4;976.59
2016;1;2;3;21151;640;0;576.92;0;0;4;985.92
2016;1;2;4;21141;640;0;576.92;0;0;2;997.92
2016;1;2;5;21899;640;0;576.92;0;0;2;992.92
2016;1;2;6;20072;640;0;576.92;0;0;0;999.92
2016;1;2;7;14620;640;0;576.92;0;0;-2;1004.25
2016;1;3;1;20916;640;1130;576.92;0;4166.67;-2;1007.58
2016;1;3;2;19225;640;1130;576.92;0;4166.67;-4;1003.92
2016;1;3;3;20556;640;1130;576.92;0;4166.67;-3;999.92
2016;1;3;4;20101;640;1130;576.92;0;4166.67;-2;1006.25
2016;1;3;5;21698;640;1130;576.92;0;4166.67;-3;1019.25
2016;1;3;6;19505;640;1130;576.92;0;4166.67;-3;1015.25
2016;1;3;7;13893;640;0;0;0;0;3;1016.25
2016;1;4;1;18770;640;0;0;0;0;4;1011.25
2016;1;4;2;20019;640;0;0;0;0;7;1009.58
2016;1;4;3;20442;640;0;0;0;0;8;1005.59
2016;1;4;4;20663;640;0;0;0;0;10;1002.58
2016;1;4;5;21821;640;0;0;0;0;7;1010.58
2016;1;4;6;19281;640;0;0;0;0;9;1004.58
2016;1;4;7;14846;640;0;0;0;0;5;993.25
2016;2;5;1;20288;766.55;0;480;0;0;6;996.91
2016;2;5;2;21025;766.55;0;480;0;0;11;999.25
2016;2;5;3;20995;766.55;0;480;0;0;6;997.25
2016;2;5;4;20083;766.55;0;480;0;0;4;1001.25
2016;2;5;5;20507;766.55;0;480;0;0;4;1006.91
2016;2;5;6;17799;766.55;0;480;0;0;9;1007.25
2016;2;5;7;13570;766.55;0;480;0;0;8;997.58
2016;2;6;1;19624;766.55;730.71;480;0;0;10;992.58
2016;2;6;2;19785;766.55;730.71;480;0;0;11;986.92
2016;2;6;3;20589;766.55;730.71;480;0;0;7;976.59
2016;2;6;4;22481;766.55;730.71;480;0;0;6;983.25
2016;2;6;5;22613;766.55;730.71;480;0;0;6;990.25
2016;2;6;6;21856;766.55;730.71;480;0;0;5;983.92
2016;2;6;7;23123;766.55;730.71;480;0;65000;8;977.59
2016;2;7;1;21139;766.55;0;480;0;0;7;986.59
2016;2;7;2;20079;766.55;0;0;0;0;4;1010.92
2016;2;7;3;20388;766.55;0;0;0;0;4;1015.92
2016;2;7;4;19938;766.55;0;0;0;0;6;1002.58
2016;2;7;5;21234;766.55;0;0;0;0;3;1001.25
2016;2;7;6;20643;766.55;0;0;0;0;5;1003.92
2016;2;7;7;14402;766.55;0;0;0;0;9;994.25
2016;2;8;1;19887;766.55;0;0;0;0;12;989.25
2016;2;8;2;21190;766.55;0;0;0;0;6;992.25
2016;2;8;3;22349;766.55;0;0;0;0;5;998.59
2016;2;8;4;20512;766.55;0;0;0;0;6;997.92
2016;2;8;5;21727;766.55;0;0;0;0;4;997.91
2016;2;8;6;21564;766.55;0;0;0;0;6;999.58
2016;2;8;7;15576;766.55;0;0;0;0;7;999.91
2016;2;9;1;19767;766.55;0;0;0;0;3;1003.92
2016;3;9;2;19551;563.87;0;365;0;0;2;999.58
2016;3;9;3;21263;563.87;835;365;0;0;4;993.92
2016;3;9;4;20281;563.87;835;365;0;0;5;986.26
2016;3;9;5;21059;563.87;835;365;0;0;7;990.59
2016;3;9;6;20140;563.87;835;365;0;740.74;9;986.92
2016;3;9;7;15287;563.87;835;365;0;740.74;8;982.59
2016;3;10;1;20916;563.87;835;365;0;740.74;8;989.25
2016;3;10;2;22358;563.87;835;365;0;740.74;6;994.92
2016;3;10;3;21105;563.87;835;365;0;740.74;6;1000.59
2016;3;10;4;21143;563.87;835;365;0;740.74;7;1001.25
2016;3;10;5;21573;563.87;0;365;0;740.74;5;1007.25
2016;3;10;6;19718;563.87;0;365;0;740.74;5;1012.25
2016;3;10;7;14538;563.87;0;365;0;740.74;5;1016.25
2016;3;11;1;19579;563.87;0;365;0;740.74;7;1017.58
2016;3;11;2;19758;563.87;0;365;0;740.74;4;1008.58
2016;3;11;3;20961;563.87;0;365;0;740.74;6;1017.25
2016;3;11;4;21190;563.87;0;365;0;740.74;10;1014.92
2016;3;11;5;21239;563.87;0;365;0;740.74;9;1003.25
2016;3;11;6;20313;563.87;0;365;0;740.74;7;1003.59
2016;3;11;7;14393;563.87;0;365;0;740.74;6;1000.25
2016;3;12;1;21363;563.87;0;0;0;740.74;8;997.91
2016;3;12;2;20426;563.87;0;0;0;740.74;8;993.92
2016;3;12;3;21030;563.87;0;0;0;740.74;9;993.58
2016;3;12;4;20742;563.87;0;0;0;740.74;8;994.92
2016;3;12;5;18588;563.87;0;0;0;740.74;10;998.58
2016;3;13;2;20157;563.87;0;0;0;740.74;13;992.92
2016;3;13;3;20166;563.87;0;0;0;740.74;14;998.14
2016;3;13;4;20676;563.87;0;0;0;740.74;10;997.91
2016;4;13;5;22569;563.87;0;0;0;0;7;999.59
2016;4;13;6;20820;563.87;0;0;0;0;12;1010.25
2016;4;13;7;15839;563.87;0;0;0;0;17;1001.25
2016;4;14;1;20625;563.87;0;0;0;0;21;995.58
2016;4;14;2;21346;563.87;0;0;0;0;22;992.92
2016;4;14;3;19997;563.87;0;0;0;0;14;992.59
2016;4;14;4;20616;563.87;670;0;0;0;18;995.58
2016;4;14;5;22012;563.87;670;0;0;0;11;995.92
2016;4;14;6;21336;563.87;670;0;0;0;9;993.25
2016;4;14;7;15320;563.87;670;500;0;0;7;995.91
2016;4;15;1;19807;563.87;670;500;0;0;13;1000.59
2016;4;15;2;20252;563.87;670;500;0;0;16;997.92
2016;4;15;3;21385;563.87;670;500;0;0;19;993.92
2016;4;15;4;20810;563.87;670;500;0;0;12;991.25
2016;4;15;5;21847;563.87;670;500;0;0;16;996.25
2016;4;15;6;19766;563.87;0;500;0;0;17;992.59
2016;4;15;7;15244;563.87;0;500;0;0;14;991.59
2016;4;16;1;19823;563.87;0;500;0;0;13;1001.92
2016;4;16;2;20050;563.87;0;500;0;0;12;1005.25
2016;4;16;3;20879;563.87;0;0;0;0;11;1009.25
2016;4;16;4;20824;563.87;0;0;0;0;15;1010.92
2016;4;16;5;20826;563.87;0;0;0;0;13;1001.59
2016;4;16;6;18048;563.87;0;0;0;0;14;995.92
2016;4;16;7;14607;563.87;0;0;0;0;10;992.25
2016;4;17;1;19469;563.87;0;0;0;0;9;993.25
2016;4;17;2;19500;563.87;0;0;0;0;11;990.25
2016;4;17;3;19831;563.87;0;0;0;0;10;991.25
2016;4;17;4;20959;563.87;0;0;0;0;13;998.59
2016;4;17;5;21299;563.87;0;0;0;0;14;1005.25
2016;4;17;6;15118;563.87;0;0;0;0;17;1005.92
2016;5;18;1;19731;676.13;0;0;0;0;17;1006.92
2016;5;18;3;19890;676.13;0;0;0;0;11;1003.92
2016;5;18;4;20975;676.13;0;0;0;0;19;1010.92
2016;5;18;5;22936;676.13;0;0;0;0;21;1007.59
2016;5;18;6;18334;676.13;0;0;0;0;22;1003.92
2016;5;18;7;13192;676.13;0;0;0;0;20;1004.59
2016;5;19;1;20973;676.13;0;0;0;0;21;1005.25
2016;5;19;2;21305;676.13;0;500;0;0;22;1003.59
2016;5;19;3;21792;676.13;0;500;0;0;23;998.59
2016;5;19;4;20658;676.13;0;500;0;0;23;991.59
2016;5;19;5;21919;676.13;0;500;0;0;21;982.92
2016;5;19;6;19469;676.13;0;500;0;0;18;984.59
2016;5;20;1;20653;676.13;0;500;0;0;13;1000.25
2016;5;20;2;20409;676.13;997.29;500;0;0;12;1000.59
2016;5;20;3;20357;676.13;997.29;500;0;0;14;999.58
2016;5;20;4;19710;676.13;997.29;500;0;0;19;997.25
2016;5;20;5;21747;676.13;997.29;0;0;0;21;1000.58
2016;5;20;6;17884;676.13;997.29;0;0;0;22;1003.59
2016;5;20;7;13277;676.13;997.29;0;0;0;25;1001.92
2016;5;21;1;21877;676.13;997.29;0;0;0;26;995.58
2016;5;21;2;21726;676.13;0;0;0;0;24;991.92
2016;5;21;3;23041;676.13;0;0;0;0;17;995.92
2016;5;21;5;21951;676.13;0;0;0;0;24;1002.58
2016;5;21;6;15586;676.13;0;0;0;0;27;1000.25
2016;5;21;7;11835;676.13;0;0;0;0;26;996.25
2016;5;22;1;20255;676.13;0;0;0;0;25;992.25
2016;5;22;2;21792;676.13;0;0;0;0;26;994.25
2016;6;22;3;24598;839.67;0;0;0;3000;26;996.25
2016;6;22;4;21108;839.67;0;0;0;0;24;996.92
2016;6;22;5;20886;839.67;0;0;0;0;22;996.92
2016;6;22;6;18071;839.67;0;0;0;0;25;997.58
2016;6;22;7;12968;839.67;0;0;0;0;26;1000.25
2016;6;23;1;19289;839.67;0;0;0;0;21;1005.25
2016;6;23;2;19924;839.67;0;0;0;0;23;1008.59
2016;6;23;3;20570;839.67;1463.14;0;0;0;25;1004.59
2016;6;23;4;20324;839.67;1463.14;0;0;0;19;999.25
2016;6;23;5;21673;839.67;1463.14;500;0;0;21;996.58
2016;6;23;6;17313;839.67;1463.14;500;0;0;21;996.25
2016;6;23;7;12385;839.67;1463.14;500;0;0;22;996.58
2016;6;24;1;19581;839.67;1463.14;500;0;0;21;989.92
2016;6;24;2;19971;839.67;1463.14;500;0;0;22;986.25
2016;6;24;3;20942;839.67;0;500;0;0;24;985.92
2016;6;24;4;21543;839.67;0;500;0;0;25;989.92
2016;6;24;5;21349;839.67;0;500;0;0;21;987.25
2016;6;24;6;19285;839.67;0;500;0;79000;22;999.59
2016;6;24;7;13590;839.67;0;500;0;0;26;1004.25
2016;6;25;1;20605;839.67;0;0;0;0;16;1003.91
2016;6;25;2;18890;839.67;0;0;0;0;23;1005.91
2016;6;25;3;22480;839.67;0;0;0;0;26;1009.91
2016;6;25;4;22519;839.67;0;0;0;0;29;1010.25
2016;6;25;5;22585;839.67;0;0;0;0;32;1005.92
2016;6;25;6;15230;839.67;0;0;0;0;33;999.58
2016;6;25;7;14272;839.67;0;0;0;0;23;998.92
2016;6;26;1;20774;839.67;0;0;0;0;20;1002.91
2016;6;26;2;21287;839.67;0;0;0;0;24;1003.25
2016;6;26;3;21893;839.67;0;0;0;0;27;1000.25
2016;6;26;4;21527;839.67;0;0;0;0;29;999.92
2016;7;26;5;20551;331.61;0;0;0;483.87;28;1001.58
2016;7;26;6;15664;331.61;0;0;0;483.87;31;1000.25
2016;7;26;7;14053;331.61;958.29;500;0;483.87;22;1003.25
2016;7;27;1;20391;331.61;958.29;500;0;483.87;22;1006.25
2016;7;27;2;20517;331.61;958.29;500;0;483.87;24;1002.58
2016;7;27;3;21406;331.61;958.29;500;0;483.87;19;998.25
2016;7;27;4;21316;331.61;958.29;500;0;483.87;20;1003.92
2016;7;27;5;20625;331.61;958.29;500;0;483.87;25;1004.58
2016;7;27;6;16792;331.61;958.29;500;0;483.87;22;1000.92
2016;7;27;7;12489;331.61;0;500;0;483.87;27;1002.58
2016;7;28;1;20938;331.61;0;500;0;483.87;32;996.92
2016;7;28;2;20693;331.61;0;500;0;483.87;25;997.25
2016;7;28;3;22264;331.61;0;0;0;483.87;24;996.25
2016;7;28;4;21018;331.61;0;0;0;483.87;17;992.25
2016;7;28;5;21885;331.61;0;0;0;483.87;16;1001.25
2016;7;28;6;16092;331.61;0;0;0;1983.87;19;1008.59
2016;7;28;7;12145;331.61;0;0;0;483.87;24;1004.58
2016;7;29;1;20838;331.61;0;0;0;483.87;19;1003.59
2016;7;29;2;20427;331.61;0;0;0;483.87;23;1005.91
2016;7;29;3;20417;331.61;0;0;0;483.87;23;1005.25
2016;7;29;4;19938;331.61;0;0;0;483.87;28;1002.58
2016;7;29;5;19910;331.61;0;0;0;483.87;27;1001.91
2016;7;29;6;13588;331.61;0;0;0;483.87;27;1003.25
2016;7;29;7;11596;331.61;0;0;0;483.87;27;1003.92
2016;7;30;1;19103;331.61;0;0;0;483.87;30;1002.58
2016;7;30;2;19341;331.61;0;0;0;483.87;29;1002.25
2016;7;30;3;20158;331.61;0;0;0;483.87;29;1001.92
2016;7;30;4;19856;331.61;0;0;0;483.87;26;1000.59
2016;7;30;5;20515;331.61;0;0;0;483.87;26;999.25
2016;7;30;6;15313;331.61;0;0;0;483.87;27;998.91
2016;7;30;7;12766;331.61;0;0;0;483.87;28;998.25
2016;8;31;1;19971;525.81;0;0;0;483.87;22;999.25
2016;8;31;2;20348;525.81;0;0;0;483.87;22;1003.58
2016;8;31;3;20459;525.81;0;1630;0;483.87;24;1001.25
2016;8;31;4;18541;525.81;0;1630;0;483.87;29;999.58
2016;8;31;5;21199;525.81;0;1630;0;483.87;26;997.25
2016;8;31;6;16026;525.81;0;1630;0;483.87;23;1006.25
2016;8;31;7;12321;525.81;0;1630;0;483.87;22;1010.92
2016;8;32;1;20209;525.81;0;1630;0;483.87;28;1006.25
2016;8;32;2;20789;525.81;0;1630;0;483.87;20;1002.92
2016;8;32;3;22540;525.81;0;1630;0;483.87;16;1003.58
2016;8;32;4;21259;525.81;0;1630;0;483.87;18;1005.92
2016;8;32;5;21091;525.81;0;1630;0;483.87;21;1007.59
2016;8;32;6;15746;525.81;0;0;0;483.87;23;1007.58
2016;8;32;7;13638;525.81;0;0;0;483.87;23;1006.25
2016;8;33;2;21736;525.81;0;0;0;483.87;21;1004.58
2016;8;33;3;21344;525.81;0;0;0;483.87;21;999.92
2016;8;33;4;20977;525.81;0;0;0;483.87;23;997.25
2016;8;33;5;20118;525.81;0;0;0;483.87;26;997.58
2016;8;33;6;14031;525.81;0;0;0;483.87;27;1000.25
2016;8;33;7;13319;525.81;0;0;0;483.87;19;1001.25
2016;8;34;1;20329;525.81;0;0;0;483.87;22;1007.92
2016;8;34;2;19912;525.81;0;0;0;483.87;23;1011.92
2016;8;34;3;20561;525.81;0;0;0;483.87;24;1011.92
2016;8;34;4;20529;525.81;0;0;0;483.87;25;1010.25
2016;8;34;5;21048;525.81;0;0;0;483.87;28;1007.58
2016;8;34;6;15564;525.81;0;0;0;1983.87;29;1006.25
2016;8;34;7;10706;525.81;0;0;0;483.87;29;1003.59
2016;8;35;1;20008;525.81;0;0;0;483.87;25;999.92
2016;8;35;2;21223;525.81;0;0;0;483.87;21;1007.58
2016;8;35;3;22614;525.81;0;0;0;483.87;23;1010.25
2016;9;35;4;21621;681.33;0;0;0;500;26;1006.58
2016;9;35;5;19159;681.33;0;0;0;500;25;1005.58
2016;9;35;6;15439;681.33;0;0;0;500;27;1003.92
2016;9;35;7;11399;681.33;0;328;0;500;28;999.25
2016;9;36;1;18841;681.33;0;328;0;500;18;997.59
2016;9;36;2;18411;681.33;0;328;0;500;21;1008.25
2016;9;36;3;18243;681.33;127.29;328;0;500;25;1010.92
2016;9;36;4;18608;681.33;774.62;328;0;500;28;1003.58
2016;9;36;5;18982;681.33;774.62;328;0;500;29;1000.59
2016;9;36;6;15723;681.33;774.62;328;0;500;28;1003.25
2016;9;36;7;11099;681.33;0;328;0;500;30;1003.25
2016;9;37;1;17919;681.33;0;328;0;500;30;1005.25
2016;9;37;2;17483;681.33;0;328;0;500;29;1004.92
2016;9;37;3;18187;681.33;0;328;0;500;26;1003.59
2016;9;37;4;18292;681.33;774.62;328;0;500;24;1003.58
2016;9;37;5;20185;681.33;774.62;328;0;500;27;999.59
2016;9;37;6;19782;681.33;774.62;0;0;80500;24;995.92
2016;9;37;7;14677;681.33;0;0;0;500;15;997.91
2016;9;38;1;19392;681.33;0;0;0;500;17;999.92
2016;9;38;2;19905;681.33;0;0;0;500;16;1002.25
2016;9;38;3;19878;681.33;0;0;0;500;17;1003.59
2016;9;38;4;19517;681.33;647.33;0;0;500;17;1007.25
2016;9;38;5;19580;681.33;647.33;0;0;500;19;1008.59
2016;9;38;6;18480;681.33;0;0;0;500;20;1010.25
2016;9;38;7;13733;681.33;0;0;0;500;20;1009.25
2016;9;39;1;19274;681.33;0;0;0;500;19;1007.92
2016;9;39;2;19342;681.33;0;0;0;500;19;1010.25
2016;9;39;3;20060;681.33;0;0;0;500;22;1010.59
2016;9;39;4;20415;681.33;0;0;0;500;23;1006.25
2016;9;39;5;21118;681.33;0;0;0;500;23;999.92
2016;10;39;6;17376;659.35;0;0;0;0;22;999.25
2016;10;39;7;14866;659.35;0;0;0;0;19;998.25
2016;10;40;1;22985;659.35;0;325;0;0;4;1003.58
2016;10;40;2;20668;659.35;0;325;0;0;13;1008.58
2016;10;40;3;21275;659.35;0;325;0;0;8;1010.58
2016;10;40;4;21024;659.35;0;325;0;0;9;1000.59
2016;10;40;5;22616;659.35;0;325;0;0;11;1003.59
2016;10;40;6;22459;659.35;0;325;0;0;10;1002.92
2016;10;40;7;17578;659.35;0;325;0;0;11;1006.25
2016;10;41;1;21672;659.35;0;325;0;0;10;1008.92
2016;10;41;2;21000;659.35;1063.5;325;0;0;9;1004.92
2016;10;41;3;23391;659.35;1063.5;325;0;0;8;1003.92
2016;10;41;4;23205;659.35;1063.5;325;0;0;8;1006.58
2016;10;41;5;24868;659.35;1063.5;325;0;0;11;1006.25
2016;10;41;6;20044;659.35;1063.5;325;0;0;15;1001.25
2016;10;41;7;17614;659.35;1063.5;325;0;0;11;1007.92
2016;10;42;1;20274;659.35;0;325;0;0;12;1012.92
2016;10;42;2;19930;659.35;0;325;0;0;14;1008.58
2016;10;42;3;21781;659.35;0;325;0;0;11;1003.58
2016;10;42;4;21942;659.35;0;325;0;0;11;1001.91
2016;10;42;5;22821;659.35;0;325;0;0;12;999.58
2016;10;42;6;19770;659.35;0;325;0;0;11;1000.59
2016;10;42;7;15637;659.35;0;0;0;60600;11;1002.92
2016;10;43;1;19171;659.35;0;0;0;0;13;1003.92
2016;10;43;2;19704;659.35;0;0;0;0;12;1003.91
2016;10;43;3;21740;659.35;0;0;0;0;10;1012.25
2016;10;43;4;21208;659.35;0;0;0;0;10;1015.92
2016;10;43;5;22509;659.35;0;0;0;0;13;1015.58
2016;10;43;6;18738;659.35;0;0;0;0;10;1011.92
2016;10;43;7;13912;659.35;0;0;0;0;9;1010.58
2016;10;44;1;19812;659.35;0;0;0;0;10;1012.92
2016;11;44;3;20772;661.33;828;0;0;500;9;996.59
2016;11;44;4;20138;661.33;828;0;0;500;8;1000.58
2016;11;44;5;22177;661.33;828;0;0;500;8;1005.58
2016;11;44;6;21980;661.33;828;0;0;500;9;995.58
2016;11;44;7;15544;661.33;828;0;0;500;8;984.92
2016;11;45;1;20513;661.33;828;0;0;500;6;988.59
2016;11;45;2;20381;661.33;828;0;0;500;6;995.59
2016;11;45;3;22064;661.33;828;0;0;500;4;995.25
2016;11;45;4;24689;661.33;0;0;0;500;5;992.92
2016;11;45;6;25090;661.33;0;419.41;0;500;2;1009.58
2016;11;45;7;17997;661.33;0;419.41;0;500;3;1012.92
2016;11;46;1;21028;661.33;0;419.41;0;500;4;1018.92
2016;11;46;2;22247;661.33;0;419.41;0;500;5;1015.25
2016;11;46;3;22319;661.33;0;419.41;0;500;7;1004.58
2016;11;46;4;20440;661.33;0;419.41;0;500;11;997.92
2016;11;46;5;22650;661.33;0;0;0;500;11;994.25
2016;11;46;6;22732;661.33;0;0;0;500;8;995.91
2016;11;46;7;17782;661.33;0;0;0;500;9;998.25
2016;11;47;1;19451;661.33;0;419.41;0;500;13;997.91
2016;11;47;2;20100;661.33;0;419.41;0;500;14;999.25
2016;11;47;3;20958;661.33;0;419.41;0;500;12;1004.91
2016;11;47;4;20875;661.33;0;419.41;0;500;9;1006.92
2016;11;47;5;24936;661.33;0;419.41;0;500;6;1008.25
2016;11;47;6;20670;661.33;0;419.41;0;500;6;1005.25
2016;11;47;7;16274;661.33;0;419.41;0;500;5;997.91
2016;11;48;1;20053;661.33;0;419.41;0;500;2;1004.25
2016;11;48;2;20042;661.33;0;419.41;0;500;2;1015.59
2016;11;48;3;20587;661.33;0;419.41;0;500;3;1013.59
2016;12;48;4;20615;640;0;0;0;0;5;1002.81
2016;12;48;5;21734;640;0;0;0;0;5;1002.53
2016;12;48;6;22956;640;0;0;0;0;4;1006.14
2016;12;48;7;17043;640;0;0;0;0;5;1001.59
2016;12;49;1;21310;640;0;0;0;0;3;1014.59
2016;12;49;2;23896;640;0;0;0;3000;2;1013.25
2016;12;49;3;20389;640;0;0;0;0;2;1020.25
2016;12;49;4;20716;640;0;0;0;0;6;1015.25
2016;12;49;5;22571;640;0;0;0;0;6;1009.91
2016;12;49;6;25201;640;0;0;0;0;10;1007.25
2016;12;49;7;18947;640;0;0;0;0;8;998.92
2016;12;50;1;21013;640;0;0;0;0;6;1001.25
2016;12;50;2;20325;640;0;0;0;0;2;1013.58
2016;12;50;3;22390;640;0;0;0;0;3;1008.58
2016;12;50;4;23041;640;0;0;0;0;3;1014.92
2016;12;50;5;24176;640;0;0;0;8000;3;1019.25
2016;12;50;6;24812;640;0;0;0;8000;3;1021.25
2016;12;50;7;19530;640;0;0;0;0;3;1018.59
2016;12;51;1;24894;640;0;0;0;0;3;1018.25
2016;12;51;2;24470;640;0;0;0;0;3;1016.92
2016;12;51;3;27140;640;0;0;0;0;2;1014.92
2016;12;51;4;25432;640;0;0;0;0;2;1016.92
2016;12;51;5;22517;640;0;0;0;0;3;1017.91
2016;12;52;2;22400;640;0;0;0;0;6;1007.92
2016;12;52;3;26754;640;0;0;0;0;3;1017.58
2016;12;52;4;25585;640;0;0;0;0;2;1025.91
2016;12;52;5;26089;640;0;0;0;0;3;1023.92
2016;12;52;6;10771;325.81;0;0;0;0;3;1017.58
2017;1;1;1;19339;325.81;0;0;0;0;1;1000.59
2017;1;1;2;19826;325.81;0;0;0;0;2;1002.25
2017;1;1;3;20914;325.81;0;0;0;0;3;986.59
2017;1;1;4;22791;325.81;0;0;0;0;-3;997.92
2017;1;1;6;21204;325.81;0;0;0;0;-7;1020.58
2017;1;1;7;15258;325.81;0;0;0;0;-6;1013.25
2017;1;2;1;19119;325.81;848.57;0;0;0;-4;1013.92
2017;1;2;2;20402;325.81;848.57;0;0;0;-5;1005.92
2017;1;2;3;21777;325.81;848.57;0;0;0;-4;1002.25
2017;1;2;4;20599;325.81;848.57;0;0;0;2;989.92
2017;1;2;5;21575;325.81;848.57;0;0;0;3;981.92
2017;1;2;6;21360;325.81;848.57;400;0;0;1;984.92
2017;1;2;7;17148;325.81;848.57;400;0;0;0;996.25
2017;1;3;1;18898;325.81;0;400;0;0;0;1004.59
2017;1;3;2;19800;325.81;0;400;0;0;-1;1015.58
2017;1;3;3;20662;325.81;0;400;0;0;-3;1023.58
2017;1;3;4;20029;325.81;0;400;0;0;-4;1023.92
2017;1;3;5;20587;325.81;0;400;0;0;0;1021.25
2017;1;3;6;18448;325.81;0;400;0;3000;2;1018.91
2017;1;3;7;12908;325.81;0;400;0;0;1;1016.91
2017;1;4;1;19939;325.81;0;400;0;0;0;1011.58
2017;1;4;2;18453;325.81;0;0;0;0;-2;1011.58
2017;1;4;3;20459;325.81;0;0;0;0;0;1015.25
2017;1;4;4;19091;325.81;0;0;0;0;0;1017.58
2017;1;4;5;21752;325.81;0;0;0;0;0;1014.25
2017;1;4;6;19734;325.81;0;0;0;0;-1;1010.25
2017;1;4;7;14154;325.81;0;0;0;0;1;1009.91
2017;1;5;1;19519;325.81;0;0;0;0;0;1007.92
2017;1;5;2;19549;325.81;0;0;0;0;-1;1003.92
2017;2;5;3;21280;575.71;0;0;0;535.71;1;1006.92
2017;2;5;4;19751;575.71;0;0;0;535.71;1;1004.25
2017;2;5;5;19702;575.71;0;0;0;535.71;4;997.92
2017;2;5;6;18897;575.71;0;0;0;535.71;4;994.25
2017;2;5;7;13303;575.71;0;0;0;535.71;4;991.25
2017;2;6;1;19339;575.71;0;0;0;535.71;0;998.25
2017;2;6;2;19966;575.71;0;0;0;535.71;-1;1006.92
2017;2;6;3;20946;575.71;707.14;857.14;0;535.71;-4;1011.58
2017;2;6;4;20854;575.71;707.14;857.14;0;535.71;-4;1017.25
2017;2;6;5;23511;575.71;707.14;857.14;0;535.71;0;1015.58
2017;2;6;6;21642;575.71;707.14;857.14;0;535.71;-1;1014.58
2017;2;6;7;16125;575.71;707.14;857.14;0;535.71;0;1017.25
2017;2;7;1;21813;575.71;707.14;857.14;0;535.71;-2;1022.25
2017;2;7;2;25732;575.71;707.14;857.14;0;535.71;2;1021.58
2017;2;7;3;22308;575.71;0;0;0;535.71;5;1020.92
2017;2;7;4;20483;575.71;0;0;0;535.71;6;1016.58
2017;2;7;5;20825;575.71;0;0;0;535.71;4;1008.58
2017;2;7;6;18698;575.71;0;0;0;535.71;4;1008.58
2017;2;7;7;14735;575.71;0;0;0;535.71;5;1009.25
2017;2;8;1;19749;575.71;0;0;0;535.71;7;1003.59
2017;2;8;2;19371;575.71;0;0;0;535.71;9;992.92
2017;2;8;3;21387;575.71;0;0;0;535.71;10;992.25
2017;2;8;4;21091;575.71;0;0;0;535.71;8;985.59
2017;2;8;5;20621;575.71;0;0;0;535.71;5;981.59
2017;2;8;6;18077;575.71;0;0;0;535.71;4;1003.25
2017;2;8;7;14252;575.71;0;0;0;535.71;7;1001.58
2017;2;9;1;19532;575.71;0;0;0;535.71;11;997.25
2017;2;9;2;20371;575.71;0;0;0;535.71;10;985.92
2017;3;9;3;19528;930.97;0;0;0;4225.81;8;985.59
2017;3;9;4;19993;930.97;0;0;0;3225.81;10;991.25
2017;3;9;5;21136;930.97;0;0;0;3225.81;9;999.92
2017;3;9;6;19816;930.97;0;0;0;3225.81;12;991.59
2017;3;9;7;15352;930.97;0;0;0;3225.81;12;987.25
2017;3;10;1;19445;930.97;0;0;0;3225.81;10;987.92
2017;3;10;2;20132;930.97;0;0;0;3225.81;8;990.92
2017;3;10;3;24687;930.97;0;0;0;4725.81;8;1006.58
2017;3;10;4;20313;930.97;0;0;0;3225.81;7;1002.58
2017;3;10;5;21803;930.97;0;0;0;3225.81;6;1001.91
2017;3;10;6;21252;930.97;0;0;0;3225.81;8;1009.91
2017;3;10;7;15594;930.97;0;0;0;3225.81;6;1008.59
2017;3;11;1;19588;930.97;0;480.5;0;3225.81;8;1009.92
2017;3;11;2;19973;930.97;0;480.5;0;3225.81;9;1012.92
2017;3;11;3;19934;930.97;0;480.5;0;3225.81;10;1011.58
2017;3;11;4;19281;930.97;0;480.5;0;3225.81;10;1009.92
2017;3;11;5;21056;930.97;0;480.5;0;3225.81;14;1000.58
2017;3;11;6;19340;930.97;0;480.5;0;3225.81;9;988.59
2017;3;11;7;15782;930.97;0;480.5;0;3225.81;7;991.92
2017;3;12;1;18753;930.97;0;480.5;0;3225.81;11;991.92
2017;3;12;2;20478;930.97;0;480.5;0;3225.81;13;993.91
2017;3;12;3;19904;930.97;0;480.5;0;3225.81;9;999.92
2017;3;12;4;19948;930.97;0;0;0;3225.81;8;1004.59
2017;3;12;5;20539;930.97;0;0;0;3225.81;10;1010.25
2017;3;12;6;19492;930.97;0;0;0;3225.81;11;1013.25
2017;3;12;7;14289;930.97;0;0;0;3225.81;9;1010.25
2017;3;13;1;19344;930.97;0;0;0;3225.81;14;1011.58
2017;3;13;2;19036;930.97;0;0;0;3225.81;18;1007.92
2017;3;13;3;20277;930.97;0;0;0;3225.81;18;1005.58
2017;3;13;4;20264;930.97;0;0;0;3225.81;14;1010.25
2017;3;13;5;24118;930.97;0;0;0;3225.81;20;1008.25
2017;4;13;6;19194;778.67;0;0;264;0;21;1000.58
2017;4;13;7;15190;778.67;0;0;264;0;21;998.58
2017;4;14;1;19850;778.67;0;0;264;0;15;1006.92
2017;4;14;2;19615;778.67;0;0;264;0;15;1007.92
2017;4;14;3;20313;778.67;0;0;264;0;12;1004.91
2017;4;14;4;21020;778.67;0;0;264;0;8;1001.25
2017;4;14;5;21943;778.67;0;0;264;0;8;1001.59
2017;4;14;6;19863;778.67;0;0;264;0;11;1005.58
2017;4;14;7;15605;778.67;0;0;264;0;15;1010.91
2017;4;15;1;20909;778.67;0;0;264;0;21;1003.91
2017;4;15;2;21249;778.67;0;0;264;0;8;1003.25
2017;4;15;3;22408;778.67;0;0;264;0;11;1002.58
2017;4;15;4;22140;778.67;0;0;264;0;11;993.25
2017;4;15;5;19412;778.67;0;0;264;0;10;997.58
2017;4;16;2;21223;778.67;0;0;264;0;5;1001.25
2017;4;16;3;21839;778.67;2035;833.33;264;0;6;1009.92
2017;4;16;4;22894;778.67;2035;833.33;264;0;7;1016.25
2017;4;16;5;25172;778.67;2035;833.33;264;0;12;1012.59
2017;4;16;6;22931;778.67;2035;833.33;264;3655.96;8;1001.92
2017;4;16;7;15780;778.67;2035;833.33;264;1155.96;8;1001.91
2017;4;17;1;21063;778.67;0;833.33;264;1155.96;11;1003.25
2017;4;17;2;20985;778.67;0;0;264;1155.96;17;992.92
2017;4;17;3;21461;778.67;0;0;264;1155.96;8;995.25
2017;4;17;4;22309;778.67;0;0;264;1155.96;9;998.92
2017;4;17;5;22303;778.67;0;0;264;1155.96;6;997.59
2017;4;17;6;18646;778.67;0;0;264;1155.96;13;999.92
2017;4;17;7;14917;778.67;0;0;264;1155.96;13;1005.25
2017;5;18;2;21528;1396.45;0;0;255.48;1155.96;14;1002.58
2017;5;18;4;21491;1396.45;0;0;255.48;1155.96;13;1001.92
2017;5;18;5;21678;1396.45;0;0;255.48;1155.96;19;1002.25
2017;5;18;6;18302;1396.45;0;0;255.48;1155.96;18;1001.25
2017;5;18;7;14430;1396.45;0;0;255.48;1155.96;15;994.91
2017;5;19;1;21701;1396.45;761.54;437.5;255.48;1155.96;14;996.25
2017;5;19;2;21696;1396.45;761.54;437.5;255.48;1155.96;9;1001.58
2017;5;19;3;21843;1396.45;761.54;437.5;255.48;1155.96;12;998.59
2017;5;19;4;21773;1396.45;761.54;437.5;255.48;1155.96;20;993.25
2017;5;19;5;22764;1396.45;761.54;437.5;255.48;1155.96;21;990.26
2017;5;19;6;20185;1396.45;761.54;437.5;255.48;5255.96;21;994.59
2017;5;19;7;13645;1396.45;0;437.5;255.48;1155.96;23;1003.25
2017;5;20;1;20521;1396.45;0;437.5;255.48;1155.96;21;1009.58
2017;5;20;2;20190;1396.45;0;437.5;255.48;1155.96;20;1014.25
2017;5;20;3;21636;1396.45;0;437.5;255.48;1155.96;22;1012.25
2017;5;20;4;21597;1396.45;0;437.5;255.48;1155.96;24;1004.25
2017;5;20;5;21853;1396.45;0;437.5;255.48;1155.96;26;998.58
2017;5;20;6;18694;1396.45;761.54;437.5;255.48;1155.96;17;999.92
2017;5;20;7;12973;1396.45;761.54;437.5;255.48;1155.96;20;1007.59
2017;5;21;1;19388;1396.45;761.54;437.5;255.48;1155.96;21;1007.25
2017;5;21;2;19585;1396.45;761.54;437.5;255.48;1155.96;25;1002.25
2017;5;21;3;20966;1396.45;761.54;0;255.48;1155.96;14;1000.92
2017;5;21;4;22283;1396.45;761.54;0;255.48;1155.96;19;1003.92
2017;5;21;5;23268;1396.45;761.54;0;255.48;1155.96;22;1004.92
2017;5;21;6;18515;1396.45;0;0;255.48;1155.96;23;1007.92
2017;5;21;7;13556;1396.45;0;0;255.48;1155.96;25;1008.58
2017;5;22;1;20006;1396.45;0;0;255.48;1155.96;28;1002.25
2017;5;22;2;20234;1396.45;0;0;255.48;1155.96;31;998.25
2017;5;22;3;22776;1396.45;0;0;255.48;1155.96;23;1000.91
2017;6;22;4;25834;930.67;0;400;264;2655.96;20;1005.25
2017;6;22;5;22698;930.67;0;400;264;1155.96;24;1004.25
2017;6;22;6;19767;930.67;0;400;264;6155.96;24;1002.58
2017;6;23;1;21265;930.67;825;400;264;1155.96;24;1000.25
2017;6;23;2;20010;930.67;825;400;264;1155.96;24;994.59
2017;6;23;3;22206;930.67;825;400;264;1155.96;20;996.25
2017;6;23;4;21561;930.67;825;400;264;1155.96;21;1004.92
2017;6;23;5;22772;930.67;825;400;264;1155.96;25;1002.92
2017;6;23;6;19340;930.67;825;400;264;5255.96;20;1002.59
2017;6;23;7;14311;930.67;0;0;264;1155.96;25;1006.25
2017;6;24;1;20000;930.67;0;0;264;1155.96;23;998.25
2017;6;24;2;21597;930.67;0;0;264;1155.96;19;999.59
2017;6;24;3;22052;930.67;0;0;264;1155.96;20;1002.92
2017;6;24;5;22777;930.67;0;0;264;1155.96;24;998.58
2017;6;24;6;18177;930.67;0;0;264;1155.96;13;1002.92
2017;6;24;7;12372;930.67;0;0;264;1155.96;23;1008.25
2017;6;25;1;20342;930.67;0;0;264;1155.96;28;1008.58
2017;6;25;2;21186;930.67;0;0;264;1155.96;30;1002.25
2017;6;25;3;22527;930.67;0;0;264;1155.96;24;1001.91
2017;6;25;4;22073;930.67;0;0;264;1155.96;27;1000.58
2017;6;25;5;23034;930.67;0;0;264;1155.96;23;995.25
2017;6;25;6;16423;930.67;0;0;264;1155.96;26;998.91
2017;6;25;7;13013;930.67;0;0;264;1155.96;27;997.58
2017;6;26;1;21237;930.67;0;0;264;1155.96;23;996.92
2017;6;26;2;20996;930.67;0;0;264;1155.96;27;998.25
2017;6;26;3;22025;930.67;0;0;264;1155.96;30;990.25
2017;6;26;4;22285;930.67;0;0;264;1155.96;26;980.92
2017;6;26;5;23245;930.67;0;0;264;1155.96;22;986.92
2017;7;26;6;16066;325.81;0;0;0;1155.96;23;992.25
2017;7;26;7;13574;325.81;0;0;0;1155.96;19;996.25
2017;7;27;1;20638;325.81;825;666.67;0;1155.96;20;1003.92
2017;7;27;2;20234;325.81;825;666.67;0;1155.96;22;1003.59
2017;7;27;3;20911;325.81;825;666.67;0;1155.96;23;1004.25
2017;7;27;4;20150;325.81;825;666.67;0;1155.96;23;1005.25
2017;7;27;5;20073;325.81;825;666.67;0;1155.96;21;1009.09
2017;7;27;6;16032;325.81;825;666.67;0;5255.96;24;1008.47
2017;7;27;7;11879;325.81;0;0;0;1155.96;26;1008.82
2017;7;28;1;21094;325.81;0;0;0;1155.96;28;1000.91
2017;7;28;2;21166;325.81;0;0;0;1155.96;22;1005.12
2017;7;28;3;21545;325.81;0;0;0;1155.96;24;1003.32
2017;7;28;4;20505;325.81;0;0;0;1155.96;18;1011.91
2017;7;28;5;19372;325.81;0;0;0;1155.96;19;1009.48
2017;7;28;6;13854;325.81;0;0;0;1155.96;22;1011.82
2017;7;28;7;10768;325.81;0;0;0;1155.96;23;1016.38
2017;7;29;1;18627;325.81;0;0;0;1155.96;20;1013.79
2017;7;29;2;18973;325.81;0;0;0;1155.96;24;1015.5
2017;7;29;3;18646;325.81;0;0;0;1155.96;27;1010.33
2017;7;29;4;17973;325.81;0;0;0;1155.96;26;1003.72
2017;7;29;5;17945;325.81;0;0;0;1155.96;25;1007.93
2017;7;29;6;12320;325.81;0;0;0;1155.96;28;1008.27
2017;7;29;7;10240;325.81;0;0;0;1155.96;26;1006.96
2017;7;30;1;17753;325.81;0;0;0;1155.96;24;1002.36
2017;7;30;2;18669;325.81;0;0;0;1155.96;21;992.04
2017;7;30;3;19043;325.81;0;0;0;1155.96;18;992.02
2017;7;30;4;18892;325.81;0;0;0;1155.96;19;1001.65
2017;7;30;5;18895;325.81;0;0;0;1155.96;23;1005.47
2017;7;30;6;13153;325.81;0;0;0;1155.96;25;1009.51
2017;7;30;7;10112;325.81;0;0;0;1155.96;32;1005.51
2017;7;31;1;18727;325.81;0;0;0;1155.96;31;1012.23
2017;8;31;2;18543;325.81;0;0;0;1155.96;34;1008.58
2017;8;31;3;19005;325.81;0;0;0;1155.96;28;1012.03
2017;8;31;4;18897;325.81;0;0;0;1155.96;24;1007.36
2017;8;31;5;18142;325.81;0;0;0;1155.96;26;1005.58
2017;8;31;6;12502;325.81;0;0;0;1155.96;28;1006.57
2017;8;31;7;10216;325.81;0;0;0;1155.96;21;1015.58
2017;8;32;1;18759;325.81;825;666.67;0;1155.96;23;1014.95
2017;8;32;2;17736;325.81;825;666.67;0;1155.96;25;1009.48
2017;8;32;3;18756;325.81;825;666.67;0;1155.96;27;1010.67
2017;8;32;4;18621;325.81;825;666.67;0;1155.96;26;1007.94
2017;8;32;5;18913;325.81;825;666.67;0;1155.96;23;1002.03
2017;8;32;6;14478;325.81;825;666.67;0;1155.96;18;1009.69
2017;8;32;7;11460;325.81;0;0;0;1155.96;21;1012.89
2017;8;33;1;18212;325.81;0;0;0;1155.96;22;1016.99
2017;8;33;3;19432;325.81;0;0;0;1155.96;20;1014.66
2017;8;33;4;18922;325.81;0;0;0;1155.96;26;1012.35
2017;8;33;5;17692;325.81;0;0;0;1155.96;30;1007.6
2017;8;33;6;12836;325.81;0;0;0;1155.96;21;1012.3
2017;8;33;7;10510;325.81;0;0;0;1155.96;20;1013.7
2017;8;34;1;18213;325.81;0;0;0;1155.96;18;1013.77
2017;8;34;2;17886;325.81;0;0;0;1155.96;18;1012
2017;8;34;3;18715;325.81;0;0;0;1155.96;20;1011.79
2017;8;34;4;18539;325.81;0;0;0;1155.96;23;1009.38
2017;8;34;5;17664;325.81;0;0;0;1155.96;24;1011.83
2017;8;34;6;12557;325.81;0;0;0;1155.96;24;1008.08
2017;8;34;7;9901;325.81;0;0;0;1155.96;23;1009.66
